0.686056564294554
0.721701405706746
0.683711515798406
0.687872505696848
0.668445506751037
0.68061946509587
0.671300673168475
0.684860972042166
0.694282961525291
0.680530307680479
0.670778361079156
0.682470709019395
0.679633865193449
0.677801783051675
0.673748828134455
0.677578832401752
0.680419222614705
0.672659851664831
0.684226914462117
0.676675654607572
0.678502028205713
0.671528297236511
0.677667726186971
0.666653968162956
0.672918563221139
0.67684620602162
0.676744817484912
0.67513476165024
0.668885113353958
0.685682270348946
